0 0
0 0.1
0 0.2
0 0.3
0 0.4
0 0.5
0 0.6
0 0.7
0 0.8
0 0.9
0 1

0.0952381 0
0.0952381 0.1
0.0952381 0.2
0.0952381 0.3
0.0952381 0.4
0.0952381 0.5
0.0952381 0.6
0.0952381 0.7
0.0952381 0.8
0.0952381 0.9
0.0952381 1

0.190476 0
0.190476 0.1
0.190476 0.2
0.190476 0.3
0.190476 0.4
0.190476 0.5
0.190476 0.6
0.190476 0.7
0.190476 0.8
0.190476 0.9
0.190476 1

0.285714 0
0.285714 0.1
0.285714 0.2
0.285714 0.3
0.285714 0.4
0.285714 0.5
0.285714 0.6
0.285714 0.7
0.285714 0.8
0.285714 0.9
0.285714 1

0.380952 0
0.380952 0.1
0.380952 0.2
0.380952 0.3
0.380952 0.4
0.380952 0.5
0.380952 0.6
0.380952 0.7
0.380952 0.8
0.380952 0.9
0.380952 1

0.47619 0
0.47619 0.1
0.47619 0.2
0.47619 0.3
0.47619 0.4
0.47619 0.5
0.47619 0.6
0.47619 0.7
0.47619 0.8
0.47619 0.9
0.47619 1

0.571429 0
0.571429 0.1
0.571429 0.2
0.571429 0.3
0.571429 0.4
0.571429 0.5
0.571429 0.6
0.571429 0.7
0.571429 0.8
0.571429 0.9
0.571429 1

0.666667 0
0.666667 0.1
0.666667 0.2
0.666667 0.3
0.666667 0.4
0.666667 0.5
0.666667 0.6
0.666667 0.7
0.666667 0.8
0.666667 0.9
0.666667 1

0.761905 0
0.761905 0.1
0.761905 0.2
0.761905 0.3
0.761905 0.4
0.761905 0.5
0.761905 0.6
0.761905 0.7
0.761905 0.8
0.761905 0.9
0.761905 1

0.857143 0
0.857143 0.1
0.857143 0.2
0.857143 0.3
0.857143 0.4
0.857143 0.5
0.857143 0.6
0.857143 0.7
0.857143 0.8
0.857143 0.9
0.857143 1

0.952381 0
0.952381 0.1
0.952381 0.2
0.952381 0.3
0.952381 0.4
0.952381 0.5
0.952381 0.6
0.952381 0.7
0.952381 0.8
0.952381 0.9
0.952381 1

1.04762 0
1.04762 0.1
1.04762 0.2
1.04762 0.3
1.04762 0.4
1.04762 0.5
1.04762 0.6
1.04762 0.7
1.04762 0.8
1.04762 0.9
1.04762 1

1.14286 0
1.14286 0.1
1.14286 0.2
1.14286 0.3
1.14286 0.4
1.14286 0.5
1.14286 0.6
1.14286 0.7
1.14286 0.8
1.14286 0.9
1.14286 1

1.2381 0
1.2381 0.1
1.2381 0.2
1.2381 0.3
1.2381 0.4
1.2381 0.5
1.2381 0.6
1.2381 0.7
1.2381 0.8
1.2381 0.9
1.2381 1

1.33333 0
1.33333 0.1
1.33333 0.2
1.33333 0.3
1.33333 0.4
1.33333 0.5
1.33333 0.6
1.33333 0.7
1.33333 0.8
1.33333 0.9
1.33333 1

1.42857 0
1.42857 0.1
1.42857 0.2
1.42857 0.3
1.42857 0.4
1.42857 0.5
1.42857 0.6
1.42857 0.7
1.42857 0.8
1.42857 0.9
1.42857 1

1.52381 0
1.52381 0.1
1.52381 0.2
1.52381 0.3
1.52381 0.4
1.52381 0.5
1.52381 0.6
1.52381 0.7
1.52381 0.8
1.52381 0.9
1.52381 1

1.61905 0
1.61905 0.1
1.61905 0.2
1.61905 0.3
1.61905 0.4
1.61905 0.5
1.61905 0.6
1.61905 0.7
1.61905 0.8
1.61905 0.9
1.61905 1

1.71429 0
1.71429 0.1
1.71429 0.2
1.71429 0.3
1.71429 0.4
1.71429 0.5
1.71429 0.6
1.71429 0.7
1.71429 0.8
1.71429 0.9
1.71429 1

1.80952 0
1.80952 0.1
1.80952 0.2
1.80952 0.3
1.80952 0.4
1.80952 0.5
1.80952 0.6
1.80952 0.7
1.80952 0.8
1.80952 0.9
1.80952 1

1.90476 0
1.90476 0.1
1.90476 0.2
1.90476 0.3
1.90476 0.4
1.90476 0.5
1.90476 0.6
1.90476 0.7
1.90476 0.8
1.90476 0.9
1.90476 1

2 0
2 0.1
2 0.2
2 0.3
2 0.4
2 0.5
2 0.6
2 0.7
2 0.8
2 0.9
2 1

